7 18 2.40405 66
8 18 6.29108 143
7 20 1.82048 66
8 20 3.93768 143
8 16 13.0391 143
7 16 4.10454 66
6 18 1.08136 32
7 14 8.35459 66
6 20 0.958108 32
6 14 2.60411 32
5 18 0.48666 18
6 16 1.4468 32
6 12 5.28019 32
5 16 0.587036 18
8 14 27.5508 143
5 20 0.435792 18
7 12 17.5574 66
5 12 1.59823 18
5 14 0.876336 18
5 10 3.24491 18
4 10 0.957138 12
4 16 0.254052 17
6 10 10.6881 32
4 18 0.249474 12
4 14 0.32859 11
5 9 4.61112 24
3 20 0.109638 10
4 12 0.492278 13
3 18 0.115506 11
4 9 1.35535 14
3 12 0.163122 14
3 9 0.366298 12
4 20 0.225886 12
3 16 0.12847 12
8 12 55.1316 143
3 8 0.552222 14
5 8 6.38962 24
3 10 0.27602 12
3 14 0.13398 10
6 9 14.5744 42
7 10 32.6339 66
4 7 2.69807 16
5 7 8.41501 28
2 18 0.056438 12
3 6 1.07268 18
3 7 0.778184 18
1 12 0.032138 11
1 0 0.032138 11
2 5 0.339408 15
1 3 0.032138 11
3 4 1.89833 18
2 3 0.630718 12
2 4 0.475154 12
1 6 0.032138 11
4 4 5.61479 23
1 2 0.032138 11
1 1 0.032138 11
6 6 26.6243 55
1 16 0.032138 11
3 1 3.12353 19
1 10 0.032138 11
3 2 2.78899 18
1 20 0.032138 11
4 3 6.44279 26
4 2 7.09438 27
4 1 7.53522 28
1 14 0.032138 11
5 4 13.9033 38
1 7 0.032138 11
1 18 0.032138 11
1 5 0.032138 11
4 5 4.63596 24
7 8 48.8793 86
2 0 1.1422 15
1 4 0.032138 11
2 12 0.068788 10
2 2 0.817836 14
5 5 12.4348 33
8 10 87.8075 143
5 2 15.8824 45
3 3 2.36926 17
2 1 0.988958 16
7 7 55.5565 96
3 0 3.37709 22
1 9 0.037518 14
1 8 0.032138 11
6 3 32.6588 66
6 2 33.4939 69
6 4 31.2865 62
4 0 7.85674 33
5 3 15.0778 43
6 1 34.1397 71
5 0 16.7531 46
4 6 3.61949 19
4 8 1.92593 16
2 14 0.063412 10
6 8 18.9009 44
2 20 0.054746 12
2 9 0.116474 16
2 10 0.088714 13
2 7 0.179258 17
5 6 10.5289 35
2 16 0.057388 12
2 8 0.142316 15
3 5 1.45852 15
2 6 0.244072 15
8 9 102.543 155
7 3 67.5224 118
5 1 16.403 42
6 0 34.4223 72
7 6 60.3108 97
7 1 69.0972 120
6 5 29.3077 56
7 9 41.2057 74
6 7 23.0665 48
8 8 114.023 165
7 5 63.7184 104
7 2 68.5422 113
7 4 66.0272 104
7 0 69.418 119
8 7 122.45 175
8 4 134.465 196
8 3 135.891 191
8 1 137.312 196
8 6 128.368 184
8 5 132.177 189
8 0 137.739 198
8 2 136.824 193
9 20 10.0014 278
9 18 19.4615 279
9 16 42.1941 279
9 14 88.1255 280
10 20 27.7127 533
10 18 63.2302 533
10 16 138.957 533
9 12 154.011 298
9 4 270.001 341
9 9 233.317 302
9 10 211.745 282
9 0 273.227 341
9 3 271.436 341
9 8 247.871 327
9 6 263.503 335
9 1 272.877 341
9 5 267.645 338
10 14 259.342 534
9 2 272.406 340
9 7 257.569 327
10 12 383.482 536
11 20 90.9741 1000
10 10 468.076 566
10 9 492.909 582
10 8 507.733 596
10 3 531.741 621
10 1 533.094 616
10 6 524.286 604
10 4 530.146 618
10 5 527.894 613
10 0 533.388 616
10 2 532.46 615
10 7 518.189 605
11 18 208.085 1000
11 16 417.394 1001
11 14 662.91 1003
11 12 850.253 1003
11 8 988.751 1111
11 0 1013.47 1125
11 7 998.499 1112
11 10 947.046 1069
11 6 1004.47 1118
11 5 1008.16 1120
11 9 972.134 1095
11 4 1010.35 1121
11 1 1013.19 1125
11 2 1012.6 1125
11 3 1011.54 1123

