1 0 0.032138 11 1 127450.370278175
1 1 0.032138 11 1 127450.370278175
1 2 0.032138 11 1 127450.370278175
1 3 0.032138 11 1 127450.370278175
1 4 0.032138 11 1 127450.370278175
1 5 0.032138 11 1 127450.370278175
1 6 0.032138 11 1 127450.370278175
1 7 0.032138 11 1 127450.370278175
1 8 0.032138 11 1 127450.370278175
1 9 0.037518 14 0.856602164294472 109174.263020417
1 10 0.032138 11 1 127450.370278175
1 12 0.032138 11 1 127450.370278175
1 14 0.032138 11 1 127450.370278175
1 16 0.032138 11 1 127450.370278175
1 18 0.032138 11 1 127450.370278175
1 20 0.032138 11 1 127450.370278175
2 0 1.1422 15 1 3586.06198564174
2 1 0.988958 16 1.1549529909258 4141.73301596226
2 2 0.817836 14 1.39661252378227 5008.33908020679
2 3 0.630718 12 1.8109519626838 6494.18599120368
2 4 0.475154 12 2.4038522247524 8620.3630822849
2 5 0.339408 15 3.36527129590346 12068.0714656107
2 6 0.244072 15 4.67976662624144 16781.9332000393
2 7 0.179258 17 6.37182162023452 22849.7472916132
2 8 0.142316 15 8.02580173697968 28781.0225132803
2 9 0.116474 16 9.80648041623023 35166.6466335835
2 10 0.088714 13 12.8750817232906 46170.8411299231
2 12 0.068788 10 16.6046403442461 59545.2695237541
2 14 0.063412 10 18.0123635904876 64593.452343405
2 16 0.057388 12 19.9031156339304 71373.8063706698
2 18 0.056438 12 20.2381374251391 72575.2152804848
2 20 0.054746 12 20.863624739707 74818.2515617579
3 0 3.37709 22 1 1212.8785433613
3 1 3.12353 19 1.0811773858423 1311.33685285558
3 2 2.78899 18 1.21086486505868 1468.63201373974
3 3 2.36926 17 1.42537754404329 1728.80983935912
3 4 1.89833 18 1.77897941875227 2157.68596608598
3 5 1.45852 15 2.31542248306502 2808.3262485259
3 6 1.07268 18 3.14827348323824 3818.473356453
3 7 0.778184 18 4.33970629054311 5263.53664428978
3 8 0.552222 14 6.11545718931879 7417.30680776934
3 9 0.366298 12 9.21951525806857 11182.1522367034
3 10 0.27602 12 12.2349467429896 14839.5043837403
3 12 0.163122 14 20.7028481749856 25110.0403379066
3 14 0.13398 10 25.2059262576504 30571.7271234513
3 16 0.12847 12 26.2869930723126 31882.929866895
3 18 0.115506 11 29.2373556352051 35461.3613145637
3 20 0.109638 10 30.8021853736843 37359.3097283788
4 0 7.85674 33 1 521.33582121847
4 1 7.53522 28 1.04266895989765 543.580678467251
4 2 7.09438 27 1.10745970754315 577.358416098376
4 3 6.44279 26 1.21946237577199 635.749419118115
4 4 5.61479 23 1.39929365123184 729.50190479074
4 5 4.63596 24 1.6947385223341 883.527899291625
4 6 3.61949 19 2.17067597921254 1131.65114422198
4 7 2.69807 16 2.91198523388941 1518.12221328579
4 8 1.92593 16 4.07945252423505 2126.76473184384
4 9 1.35535 14 5.79683476592762 3022.09761316265
4 10 0.957138 12 8.20857598381843 4279.42470155819
4 12 0.492278 13 15.9599657104319 8320.50183026664
4 14 0.32859 11 23.9104659301866 12465.3823914301
4 16 0.254052 17 30.9257159951506 16122.683545101
4 18 0.249474 12 31.4932217385379 16418.544617876
4 20 0.225886 12 34.7818811258777 18133.0405602826
5 0 16.7531 46 1 244.492064155291
5 1 16.403 42 1.02134365664817 249.710418825825
5 2 15.8824 45 1.05482168941722 257.895532161386
5 3 15.0778 43 1.11111037419252 271.657668890687
5 4 13.9033 38 1.20497292009811 294.606316486014
5 5 12.4348 33 1.34727538842603 329.398140701901
5 6 10.5289 35 1.59115387172449 389.024494486604
5 7 8.41501 28 1.99085919089817 486.749273025225
5 8 6.38962 24 2.62192430848783 641.039686241122
5 9 4.61112 24 3.63319540588837 888.287444265168
5 10 3.24491 18 5.16288587356814 1262.28462422687
5 12 1.59823 18 10.4822835261508 2562.83513636961
5 14 0.876336 18 19.1172107502145 4674.00631721166
5 16 0.587036 18 28.5384542004238 6977.42557526285
5 18 0.48666 18 34.424649652735 8416.55365141988
5 20 0.435792 18 38.4428810074531 9398.97932958843
6 0 34.4223 72 1 118.992629777789
6 1 34.1397 71 1.00827775288008 119.977621361641
6 2 33.4939 69 1.02771848008145 122.290924616124
6 3 32.6588 66 1.05399769740468 125.417957793918
6 4 31.2865 62 1.10022853307337 130.91908650696
6 5 29.3077 56 1.17451386495699 139.758493501708
6 6 26.6243 55 1.29289032951101 153.844420322788
6 7 23.0665 48 1.49230702533978 177.57353738105
6 8 18.9009 44 1.82119899052426 216.709257231137
6 9 14.5744 42 2.36183307717642 281.040728949391
6 10 10.6881 32 3.22061919330845 383.229947324595
6 12 5.28019 32 6.5191404097201 775.729661243251
6 14 2.60411 32 13.2184508334901 1572.8982262654
6 16 1.4468 32 23.7920237766104 2831.07547691457
6 18 1.08136 32 31.8324147369979 3787.82274173263
6 20 0.958108 32 35.927369357108 4275.09216080024
7 0 69.418 119 1 59.0048690541358
7 1 69.0972 120 1.00464273516148 59.2788130343921
7 2 68.5422 113 1.01277752975539 59.758805524188
7 3 67.5224 118 1.02807364667133 60.6613508998495
7 4 66.0272 104 1.05135459325854 62.0350401046841
7 5 63.7184 104 1.08944982924869 64.2828445158698
7 6 60.3108 97 1.1510044635455 67.9148676522281
7 7 55.5565 96 1.24950275845311 73.726746645307
7 8 48.8793 86 1.420192187695 83.7982540666499
7 9 41.2057 74 1.68466983936688 99.403723271295
7 10 32.6339 66 2.1271745025878 125.51365298049
7 12 17.5574 66 3.95377447685876 233.291945276635
7 14 8.35459 66 8.308965490826 490.269420761522
7 16 4.10454 66 16.9124920210304 997.919377080014
7 18 2.40405 66 28.875439362742 1703.79151847923
7 20 1.82048 66 38.131701529267 2249.95605554579
8 0 137.739 198 1 29.7374018977922
8 1 137.312 196 1.00310970636215 29.8298764856677
8 2 136.824 193 1.00668742325908 29.936268490908
8 3 135.891 191 1.01359913460053 30.1418048288702
8 4 134.465 196 1.02434834343509 30.4614583720671
8 5 132.177 189 1.0420799382646 30.9887499338009
8 6 128.368 184 1.07300105945407 31.9082637417425
8 7 122.45 175 1.12485912617395 33.4503879134341
8 8 114.023 165 1.20799312419424 35.9225770239338
8 9 102.543 155 1.3432316199058 39.9442185229611
8 10 87.8075 143 1.5686473251146 46.6474959428295
8 12 55.1316 143 2.49836754238948 74.2949596964354
8 14 27.5508 143 4.99945555119997 148.670818996182
8 16 13.0391 143 10.5635358268592 314.132110345039
8 18 6.29108 143 21.8943329285274 651.080577579684
8 20 3.93768 143 34.9797342597672 1040.20641596067
9 0 273.227 341 1 14.9911977952399
9 1 272.877 341 1.00128262916992 15.0104259428241
9 2 272.406 340 1.00301388368832 15.0363795217433
9 3 271.436 341 1.00659824046921 15.0901133232143
9 4 270.001 341 1.01194810389591 15.1703141840215
9 5 267.645 338 1.02085598460647 15.30385398569
9 6 263.503 335 1.03690280566066 15.5444150540981
9 7 257.569 327 1.06079147723523 15.902534854738
9 8 247.871 327 1.10229514545873 16.5247245543045
9 9 233.317 302 1.17105483098103 17.5555146003077
9 10 211.745 282 1.29035868615552 19.3440222909632
9 12 154.011 298 1.77407457908851 26.5955029186227
9 14 88.1255 280 3.10043063585455 46.4791689125168
9 16 42.1941 279 6.4754787991686 97.0751834972188
9 18 19.4615 279 14.0393597615806 210.466819104386
9 20 10.0014 278 27.31887535745 409.542664027036
10 0 533.388 616 1 7.67921288067973
10 1 533.094 616 1.0005514974845 7.68344794726633
10 2 532.46 615 1.0017428539233 7.69259662697667
10 3 531.741 621 1.00309737259305 7.70299826419253
10 4 530.146 618 1.00611529654095 7.72617354464619
10 5 527.894 613 1.01040739239317 7.75913346239965
10 6 524.286 604 1.01736075348188 7.81252980243608
10 7 518.189 605 1.02933099699145 7.90445185057962
10 8 507.733 596 1.05052852581967 8.06723218699592
10 9 492.909 582 1.08212266361539 8.30985029691079
10 10 468.076 566 1.13953289636726 8.75071569574172
10 12 383.482 536 1.3909075262985 10.6810749917858
10 14 259.342 534 2.05669733402226 15.7938166590834
10 16 138.957 533 3.83851119411041 29.476744604446
10 18 63.2302 533 8.43565258373372 64.7791719779472
10 20 27.7127 533 19.2470600121966 147.802271160876
11 0 1013.47 1125 1 4.04156018431725
11 1 1013.19 1125 1.00027635487914 4.04267708919354
11 2 1012.6 1125 1.00085917440253 4.04503258937389
11 3 1011.54 1123 1.001907981889 4.04927140795223
11 4 1010.35 1121 1.00308803879844 4.05404067897263
11 5 1008.16 1120 1.00526702110776 4.06284716711633
11 6 1004.47 1118 1.00895994902785 4.0777723575617
11 7 998.499 1112 1.01499350525138 4.10215733816459
11 8 988.751 1111 1.02500022755982 4.14260010862189
11 9 972.134 1095 1.04252088703821 4.21341090837271
11 10 947.046 1069 1.07013809255305 4.32502750658363
11 12 850.253 1003 1.19196286281848 4.81738964755196
11 14 662.91 1003 1.52881990013727 6.17881763738667
11 16 417.394 1001 2.42808952692181 9.81326995596487
11 18 208.085 1000 4.87046159021554 19.6842636422616
11 20 90.9741 1000 11.1402036403768 45.0238034781328
