4 20 0.59992 6
3 20 0.257912 5
6 20 2.65435 25
1 20 0 0
2 20 0.083476 3
5 20 1.29394 9
7 20 5.40576 62
3 18 0.607362 7
8 20 10.8839 133
1 18 1e-05 2
4 18 1.41105 10
5 18 3.01807 16
6 18 6.25569 25
7 18 12.6862 62
2 18 0.201326 6
9 20 22.0231 265
3 16 1.22917 10
2 16 0.410242 7
1 16 0.00039 3
8 18 25.681 123
4 16 2.87097 15
6 16 12.6923 31
7 16 25.9232 62
9 18 51.562 265
5 16 6.15605 22
10 20 43.8759 518
1 14 0.003076 5
2 14 0.668292 9
8 16 52.3023 133
9 16 104.931 266
4 14 4.69874 19
3 14 2.01366 12
5 14 10.0476 28
7 14 42.313 75
6 14 20.8144 44
2 10 1.02435 13
4 12 6.17934 24
2 12 0.896866 12
10 18 103.262 518
2 7 1.10972 15
2 8 1.08875 15
1 2 0.033408 10
8 14 85.1353 136
5 12 13.2548 34
1 7 0.027266 11
3 10 3.05104 18
1 0 0.03464 15
1 12 0.011776 8
1 10 0.018568 9
2 6 1.1205 19
1 5 0.029792 12
2 0 1.14131 19
4 9 7.35625 29
6 12 27.4564 55
4 1 7.77804 28
3 0 3.36981 24
1 1 0.035428 14
2 4 1.13008 17
6 10 31.3972 61
3 9 3.15251 21
3 12 2.65502 18
1 3 0.034528 15
6 8 33.0977 67
9 14 170.793 268
5 10 15.1998 38
2 3 1.13566 19
3 6 3.29313 27
4 2 7.77432 37
3 4 3.34385 21
7 12 55.6936 91
4 3 7.78187 29
3 3 3.3536 23
1 8 0.024968 11
2 1 1.14668 18
1 4 0.031238 13
1 9 0.026578 10
4 0 7.77706 28
2 5 1.12342 16
7 7 67.7479 111
4 10 7.08813 25
4 6 7.66115 37
1 6 0.03122 15
5 0 16.6395 42
4 7 7.62785 29
5 2 16.6358 51
6 6 33.7516 66
4 5 7.68885 26
2 2 1.1342 14
4 4 7.75151 29
3 5 3.3227 21
7 6 68.2812 111
6 9 32.4952 68
7 9 65.8509 107
6 0 34.2735 67
5 5 16.471 40
3 7 3.27813 21
6 2 34.2818 69
3 8 3.22339 18
6 5 33.9675 66
7 3 69.2744 113
3 2 3.35539 20
6 1 34.2325 67
7 8 67.1384 109
5 9 15.7284 40
4 8 7.51049 27
5 6 16.3791 44
8 12 111.802 167
7 4 69.055 109
3 1 3.35877 21
5 4 16.5698 43
6 3 34.3022 69
5 8 16.0813 40
6 4 34.1362 70
7 5 68.748 110
5 7 16.3113 44
7 10 63.5495 106
8 6 136.348 191
2 9 1.06013 14
5 1 16.6535 42
6 7 33.5322 70
8 10 127.358 182
7 2 69.2904 116
10 16 209.337 520
8 0 138.373 193
7 1 69.2581 107
5 3 16.5876 43
8 2 138.824 197
8 3 138.112 190
9 12 222.255 291
7 0 69.2759 106
8 4 138.004 194
8 5 137.663 196
8 9 131.548 192
8 8 134.382 188
8 7 135.629 190
8 1 138.605 192
9 2 274.34 343
9 1 273.807 349
9 9 260.503 322
10 14 338.887 521
11 20 88.2063 1017
9 8 265.752 330
9 10 252.724 326
9 0 273.768 358
9 3 273.294 354
9 5 272.083 342
9 7 268.829 337
9 4 272.031 331
11 18 204.629 1017
10 12 438.458 524
10 5 529.871 614
10 3 532.829 617
10 4 530.894 626
10 10 494.345 586
10 0 534.037 633
10 8 518.864 629
10 7 523.973 621
9 6 270.179 344
10 6 527.278 608
10 1 533.213 659
10 2 534.151 641
11 16 412.567 1020
10 9 509.231 589
11 14 659.365 1022
11 12 844.39 1024
11 0 1016.3 1128
11 8 988.865 1098
11 5 1008.97 1114
11 7 1001.04 1108
11 9 974.064 1074
11 10 946.92 1055
11 2 1015.56 1129
11 6 1005.39 1119
11 3 1015.6 1130
11 4 1010.97 1118
11 1 1014.28 1158
