9 18 22.7852 285
9 20 12.8103 284
9 16 45.9068 300
9 14 92.48 300
10 20 36.2974 547
9 12 159.465 300
10 18 72.9472 577
10 16 150.685 548
9 10 218.161 306
9 8 255.365 324
9 4 277.66 345
9 1 280.679 346
9 5 274.982 349
9 9 240.406 321
9 7 264.662 340
9 3 279.217 347
10 14 274.108 549
9 6 270.841 355
9 2 280.098 347
9 0 281.262 348
10 12 405.692 550
11 20 112.181 1105
10 9 518.92 611
10 7 546.263 639
10 10 493.694 575
10 5 557.704 665
10 6 553.083 644
10 8 534.902 623
10 3 561.831 673
10 1 563.12 674
11 18 237.687 1105
10 0 563.292 673
10 4 560.357 670
10 2 562.675 673
11 16 462.491 1106
11 14 725.592 1106
11 12 934.654 1120
11 10 1042.81 1177
11 8 1088.77 1217
11 2 1116.57 1246
11 0 1117.12 1247
11 9 1071.19 1198
11 5 1111.3 1239
11 3 1115.85 1246
11 7 1100.11 1226
11 4 1114.34 1241
11 1 1116.92 1247
11 6 1107.54 1233
12 20 368.675 2192
12 18 748.166 2192
12 16 1277.35 2193
12 14 1741.55 2195
12 12 2007.66 2200
12 10 2124.76 2286
12 0 2199.52 2353
12 6 2190.28 2332
12 5 2194.54 2338
12 8 2172.57 2320
12 1 2199.26 2350
12 2 2198.68 2350
12 4 2196.93 2341
12 7 2182.92 2324
12 3 2198.22 2347
12 9 2153.29 2303
13 20 1197.03 4286
13 18 2167.46 4287
13 16 3152.19 4296
13 14 3780.16 4306
13 9 4233.43 4430
13 12 4081.27 4308
13 10 4203.54 4392
13 8 4252 4438
13 1 4278.65 4470
13 7 4262.2 4455
13 5 4273.67 4470
13 3 4277.41 4468
13 4 4278.43 4444
13 2 4278.12 4468
13 6 4269.11 4463
13 0 4279.01 4470
14 20 3554.63 8180
14 18 5484.36 8180
14 16 6902.91 8181
14 2 8129.91 8384
14 14 7627.77 8184
14 3 8129.17 8384
14 9 8089.3 8343
14 7 8115.99 8365
14 5 8125.81 8377
14 1 8130.34 8385
14 8 8106.36 8354
14 0 8130.57 8385
14 6 8122.1 8375
14 4 8127.79 8381
14 10 8062.62 8308
14 12 7942.56 8198
8 18 7.52771 138
8 20 5.03849 138
7 20 2.14452 64
7 18 2.81493 64
7 16 4.66963 64
6 16 1.68877 30
6 20 0.98078 30
6 18 1.16245 30
8 16 14.4569 138
7 14 8.87967 64
6 14 2.70846 30
8 14 28.8717 138
5 14 0.930314 13
5 18 0.541938 13
7 12 18.1074 68
5 20 0.50494 13
5 16 0.670264 13
6 12 5.6043 30
4 20 0.252218 14
4 16 0.281508 14
5 10 3.38419 21
4 12 0.521334 13
4 14 0.319034 11
5 12 1.66551 16
4 18 0.263558 14
4 10 0.958688 17
6 10 11.1317 33
6 9 14.6542 35
8 12 55.4363 138
5 9 4.70972 18
4 9 1.36947 15
3 12 0.194294 16
3 14 0.137406 12
7 10 33.2872 70
3 18 0.118844 13
3 10 0.294582 12
3 16 0.124854 13
2 16 0.07488 13
4 8 1.99826 28
5 8 6.50434 28
3 9 0.394664 13
3 20 0.1178 12
4 4 5.62473 23
3 8 0.545406 12
4 7 2.71833 19
4 6 3.68588 21
2 10 0.097354 13
2 7 0.186458 15
3 5 1.45292 14
2 9 0.112754 12
4 5 4.67309 22
2 14 0.073196 13
2 18 0.061164 12
5 7 8.59686 29
5 6 10.6155 31
3 4 1.91756 16
3 2 2.77244 21
2 4 0.47719 14
3 7 0.760614 14
1 1 0.033024 10
6 6 26.6769 57
1 9 0.033024 10
5 4 14.0777 39
5 5 12.5135 38
2 3 0.636066 14
1 5 0.033024 10
1 20 0.033024 10
5 3 15.1362 40
2 0 1.14111 14
6 7 23.2845 53
4 3 6.44937 24
1 7 0.033024 10
1 10 0.033024 10
1 16 0.033024 10
1 6 0.033024 10
2 2 0.814012 14
2 1 0.984954 17
1 12 0.033024 10
1 4 0.033024 10
1 3 0.033024 10
4 1 7.52037 28
8 10 89.9736 141
4 0 7.80755 27
1 14 0.033024 10
1 18 0.033024 10
3 0 3.37741 19
3 1 3.11156 20
7 7 56.0806 96
6 5 29.4923 67
1 8 0.033024 10
4 2 7.08077 27
1 2 0.033024 10
7 8 49.5596 91
5 0 16.6751 42
6 3 32.6802 70
8 8 116.555 172
7 5 64.2011 105
7 6 60.9426 105
7 1 69.2413 118
7 4 66.3876 109
6 2 33.496 72
6 1 34.0559 72
7 2 68.6174 115
6 4 31.4507 70
7 3 67.7112 112
8 7 125.126 177
7 0 69.569 116
2 12 0.074714 10
7 9 41.6609 85
6 8 18.9016 43
3 6 1.07024 16
1 0 0.033024 10
2 5 0.345156 13
2 8 0.139892 13
2 20 0.074606 13
5 2 15.9014 40
5 1 16.3482 39
8 9 104.537 153
6 0 34.4348 76
3 3 2.36423 17
2 6 0.249778 12
8 2 140.689 198
8 6 131.283 192
8 4 137.93 201
8 0 141.491 197
8 3 139.717 200
8 1 141.24 196
8 5 135.351 199
