1 0 0.03464 15 1 118244.80369515
1 1 0.035428 14 0.977757705769448 115614.767980129
1 2 0.033408 10 1.03687739463602 122605.363984674
1 3 0.034528 15 1.0032437442076 118628.359592215
1 4 0.031238 13 1.10890581983482 131122.350982777
1 5 0.029792 12 1.16272824919441 137486.573576799
1 6 0.03122 15 1.10954516335682 131197.950032031
1 7 0.027266 11 1.27044671018851 150223.72185139
1 8 0.024968 11 1.38737584107658 164049.983979494
1 9 0.026578 10 1.30333358416736 154112.423809165
1 10 0.018568 9 1.86557518311073 220594.571305472
1 12 0.011776 8 2.94157608695652 347826.086956522
1 14 0.003076 5 11.2613784135241 1331599.47984395
1 16 0.00039 3 88.8205128205128 10502564.1025641
1 18 1e-05 2 3464 409600000
1 20 0 0 34640 409600000
2 0 1.14131 19 1 3588.85841708212
2 1 1.14668 18 0.995316914919594 3572.0514877734
2 2 1.1342 14 1.00626873567272 3611.35602186563
2 3 1.13566 19 1.00497508056989 3606.71327686103
2 4 1.13008 17 1.00993734956817 3624.52215772335
2 5 1.12342 16 1.01592458742056 3646.00950668494
2 6 1.1205 19 1.01857206604195 3655.51093261937
2 7 1.10972 15 1.02846664023357 3691.02115849043
2 8 1.08875 15 1.04827554535017 3762.11251435132
2 9 1.06013 14 1.07657551432372 3863.67709620518
2 10 1.02435 13 1.11417972372724 3998.63327964075
2 12 0.896866 12 1.27255353642573 4567.01447038911
2 14 0.668292 9 1.70780138023499 6129.0573581608
2 16 0.410242 7 2.78204084418465 9984.35070031835
2 18 0.201326 6 5.66896476361722 20345.1119080496
2 20 0.083476 3 13.6723130001438 49067.9955915473
3 0 3.36981 24 1 1215.49879666806
3 1 3.35877 21 1.00328691753231 1219.49404097333
3 2 3.35539 20 1.00429756302546 1220.72247935411
3 3 3.3536 23 1.00483361164122 1221.37404580153
3 4 3.34385 21 1.00776350613813 1224.93532903689
3 5 3.3227 21 1.01417822854907 1232.73241640834
3 6 3.29313 27 1.02328483843638 1243.80148976809
3 7 3.27813 21 1.02796716420642 1249.49285110719
3 8 3.22339 18 1.04542422728866 1270.71189027701
3 9 3.15251 21 1.06892920244504 1299.28215929529
3 10 3.05104 18 1.10447912842834 1342.49305154964
3 12 2.65502 18 1.26922207742315 1542.73790781237
3 14 2.01366 12 1.67347516462561 2034.10704885631
3 16 1.22917 10 2.74153290431755 3332.32994622387
3 18 0.607362 7 5.54827269404408 6743.91878319684
3 20 0.257912 5 13.0657355997394 15881.3858990664
4 0 7.77706 28 1 526.677176207976
4 1 7.77804 28 0.999874004247857 526.610817121023
4 2 7.77432 37 1.00035244240011 526.86279957604
4 3 7.78187 29 0.99938189663924 526.351635275326
4 4 7.75151 29 1.00329613197945 528.41317369132
4 5 7.68885 26 1.01147245686936 532.7194573961
4 6 7.66115 37 1.0151295823734 534.645581929606
4 7 7.62785 29 1.01956121318589 536.979620731923
4 8 7.51049 27 1.03549302375744 545.370541735626
4 9 7.35625 29 1.05720441801189 556.805437553101
4 10 7.08813 25 1.09719488779128 577.867505251738
4 12 6.17934 24 1.25855835736503 662.85396174996
4 14 4.69874 19 1.65513733468973 871.72305767078
4 16 2.87097 15 2.70886146494042 1426.69550709342
4 18 1.41105 10 5.5115410509904 2902.80287728996
4 20 0.59992 6 12.9634951326844 6827.57701026804
5 0 16.6395 42 1 246.161242825806
5 1 16.6535 42 0.999159335875342 245.954303900081
5 2 16.6358 51 1.00022241190685 246.215992017216
5 3 16.5876 43 1.00312884323229 246.931442764475
5 4 16.5698 43 1.00420644787505 247.19670726261
5 5 16.471 40 1.01023010139032 248.679497298282
5 6 16.3791 44 1.01589830943092 250.074790434151
5 7 16.3113 44 1.0201210203969 251.114258213631
5 8 16.0813 40 1.03471112410066 254.705776274306
5 9 15.7284 40 1.05792706187533 260.420640370286
5 10 15.1998 38 1.09471835155726 269.477229963552
5 12 13.2548 34 1.25535655007997 309.020128557202
5 14 10.0476 28 1.65606712050639 407.659540586807
5 16 6.15605 22 2.70295075576059 665.361717334979
5 18 3.01807 16 5.51329160688785 1357.1587140126
5 20 1.29394 9 12.8595607215172 3165.5254494026
6 0 34.2735 67 1 119.50924183407
6 1 34.2325 67 1.00119769225152 119.652377126999
6 2 34.2818 69 0.999757889025664 119.480307335087
6 3 34.3022 69 0.999163318970795 119.409250718613
6 4 34.1362 70 1.004022123142 119.989922721334
6 5 33.9675 66 1.00900861117244 120.585854125267
6 6 33.7516 66 1.01546297064435 121.357209732279
6 7 33.5322 70 1.02210710898778 122.151245668343
6 8 33.0977 67 1.03552512712364 123.754822842675
6 9 32.4952 68 1.05472500553928 126.049385755435
6 10 31.3972 61 1.09161007987973 130.457493024856
6 12 27.4564 55 1.24828819510205 149.181975787066
6 14 20.8144 44 1.64662445230225 196.786839880083
6 16 12.6923 31 2.70033800020485 322.71534710021
6 18 6.25569 25 5.47877212585662 654.763902942761
6 20 2.65435 25 12.9122007271083 1543.12731930604
7 0 69.2759 106 1 59.1259009265849
7 1 69.2581 107 1.00025700964941 59.1410968536532
7 2 69.2904 116 0.999790735801785 59.1135279923337
7 3 69.2744 113 1.00002165302045 59.1271811809269
7 4 69.055 109 1.00319889942799 59.3150387372384
7 5 68.748 110 1.00767876883691 59.5799150520742
7 6 68.2812 111 1.01456769945461 59.9872292812663
7 7 67.7479 111 1.02255420463217 60.4594385951446
7 8 67.1384 109 1.03183721983247 61.0083052321771
7 9 65.8509 107 1.0520114379606 62.2011240544928
7 10 63.5495 106 1.09010928488816 64.4536935774475
7 12 55.6936 91 1.24387541836046 73.5452547509947
7 14 42.313 75 1.63722496632241 96.8024011533099
7 16 25.9232 62 2.67235140723367 158.005184545118
7 18 12.6862 62 5.46072898109757 322.870520723306
7 20 5.40576 62 12.815200822826 757.7102942047
8 0 138.373 193 1 29.6011505134672
8 1 138.605 192 0.998326178709282 29.551603477508
8 2 138.824 197 0.996751282199043 29.5049847288653
8 3 138.112 190 1.00188977062095 29.6570898980538
8 4 138.004 194 1.002673835541 29.6802991217646
8 5 137.663 196 1.00515752235532 29.7538191089835
8 6 136.348 191 1.01485170299528 30.0407780092117
8 7 135.629 190 1.02023166137036 30.2000309668286
8 8 134.382 188 1.02969891800985 30.480272655564
8 9 131.548 192 1.05188220269407 31.1369234043847
8 10 127.358 182 1.08648848128896 32.1613090657831
8 12 111.802 167 1.23766122251838 36.6361961324484
8 14 85.1353 136 1.62533050332823 48.1116528631484
8 16 52.3023 133 2.64563891071712 78.3139556004229
8 18 25.681 123 5.38814687901561 159.49534675441
8 20 10.8839 133 12.7135493710894 376.335688494014
9 0 273.768 358 1 14.9615733029426
9 1 273.807 349 0.999857563904502 14.9594422348589
9 2 274.34 343 0.997914995990377 14.9303783626157
9 3 273.294 354 1.00173439592527 14.9875225947149
9 4 272.031 331 1.00638530167518 15.0571074620172
9 5 272.083 342 1.00619296317668 15.0542297754729
9 6 270.179 344 1.01328378593451 15.1603196399424
9 7 268.829 337 1.01837227382462 15.2364514245115
9 8 265.752 330 1.0301634606701 15.4128661308287
9 9 260.503 322 1.05092071876332 15.7234273693585
9 10 252.724 326 1.08326870419905 16.2074041246577
9 12 222.255 291 1.23177431328879 18.4292816809521
9 14 170.793 268 1.60292283641601 23.9822475159989
9 16 104.931 266 2.60902879034794 39.0351754962785
9 18 51.562 265 5.30949148597805 79.4383460688104
9 20 22.0231 265 12.4309475051196 185.986532322879
10 0 534.037 633 1 7.66988055134756
10 1 533.213 659 1.00154534866929 7.68173319105123
10 2 534.151 641 0.999786577203825 7.66824362399397
10 3 532.829 617 1.00226714386792 7.68726927400723
10 4 530.894 626 1.0059202025263 7.71528779756411
10 5 529.871 614 1.00786229101045 7.73018338425768
10 6 527.278 608 1.0128186649168 7.76819818008716
10 7 523.973 621 1.01920709654887 7.81719668761558
10 8 518.864 629 1.02924273027229 7.89416879953128
10 9 509.231 589 1.04871266674653 8.04350088663102
10 10 494.345 586 1.08029210369277 8.28571139588749
10 12 438.458 524 1.21798895219154 9.34182977617012
10 14 338.887 521 1.57585566870373 12.0866247451215
10 16 209.337 520 2.55108748095177 19.5665362549382
10 18 103.262 518 5.17167012066394 39.6660920764657
10 20 43.8759 518 12.1715338032952 93.3542103979633
11 0 1016.3 1128 1 4.03030601200433
11 1 1014.28 1158 1.00199156051583 4.03833261032457
11 2 1015.56 1129 1.00072866201898 4.03324274292016
11 3 1015.6 1130 1.00068924773533 4.03308389129579
11 4 1010.97 1118 1.005272164357 4.05155444770864
11 5 1008.97 1114 1.00726483443512 4.0595855179044
11 6 1005.39 1119 1.01085151035916 4.0740409194442
11 7 1001.04 1108 1.01524414608807 4.09174458563094
11 8 988.865 1098 1.02774392864547 4.14212253442078
11 9 974.064 1074 1.04336060053549 4.20506250102663
11 10 946.92 1055 1.07326912516369 4.32560300764584
11 12 844.39 1024 1.20359075782518 4.85083906725565
11 14 659.365 1022 1.54133143251462 6.2120373389549
11 16 412.567 1020 2.46335746678721 9.92808440810826
11 18 204.629 1017 4.96654921834149 20.0167131735971
11 20 88.2063 1017 11.5218527474795 46.4365923975952
